STATIONS_ID;MESS_DATUM_BEGINN;MESS_DATUM_ENDE;QN_4;MO_N;MO_TT;MO_TX;MO_TN;MO_FK;MX_TX;MX_FX;MX_TN;MO_SD_S;QN_6;MO_RR;MX_RS;eor
        917;19950801;19950831;   10;  4.35;  18.51;   25.62;   13.33;    0.84;  33.8;-999;   5.8;-999;    9;    45.4;    9.9;eor
        917;19950901;19950930;   10;  6.24;  13.27;   17.89;    9.61;    1.04;  22.8;-999;   3.0;-999;    9;   106.2;   24.3;eor
        917;19951001;19951031;   10;  5.77;  12.24;   16.83;    8.39;    0.76;  24.0;-999;  -1.5;-999;    9;    46.3;   16.0;eor
        917;19951101;19951130;   10;  6.06;   3.78;    6.92;    0.87;    1.18;  12.8;-999;  -7.0;-999;    9;    45.4;    9.7;eor
        917;19951201;19951231;   10;  6.73;   0.32;    2.51;   -1.79;    1.47;  12.0;-999; -11.8;-999;    9;    59.0;   16.3;eor
        917;19960101;19960131;   10;  6.60;  -0.70;    1.62;   -2.64;    1.55;   9.4;-999;  -7.9;-999;    9;     3.6;    1.2;eor
        917;19960201;19960229;   10;  6.30;   0.19;    3.72;   -2.97;    1.29;  14.5;-999; -12.8;-999;    9;    53.3;   10.8;eor
        917;19960301;19960331;   10;  4.85;   3.34;    8.24;   -0.37;    1.34;  15.5;-999;  -7.0;-999;    9;    19.7;    4.9;eor
        917;19960401;19960430;   10;  4.49;   9.42;   16.63;    2.75;    1.28;  27.9;-999;  -3.1;-999;    9;    16.4;    5.3;eor
        917;19960501;19960531;   10;  6.29;  12.54;   17.21;    7.69;    1.66;  30.1;-999;  -0.8;-999;    9;    82.1;   11.5;eor
        917;19960601;19960630;   10;  4.53;  17.22;   22.90;   11.14;    1.04;  33.0;-999;   5.0;-999;    9;    42.7;   11.1;eor
        917;19960701;19960731;   10;  4.60;  17.29;   23.41;   11.20;    1.15;  28.8;-999;   6.8;-999;    9;    90.5;   26.6;eor
        917;19960801;19960831;   10;  4.90;  17.68;   24.02;   12.69;    1.08;  30.3;-999;   9.0;-999;    9;    69.4;   13.2;eor
        917;19960901;19960930;   10;  5.45;  12.05;   17.22;    7.16;    0.95;  25.0;-999;   1.8;-999;    9;    33.1;    7.2;eor
        917;19961001;19961031;   10;  6.08;   9.59;   14.52;    5.54;    1.05;  20.0;-999;  -1.0;-999;    9;    83.9;   16.1;eor
        917;19961101;19961130;   10;  6.99;   5.84;    7.95;    3.72;    1.40;  15.4;-999;  -3.8;-999;    9;    99.8;   26.0;eor
        917;19961201;19961231;   10;  6.31;  -0.99;    1.47;   -3.64;    1.09;  10.7;-999; -16.6;-999;    9;    40.8;    9.7;eor
        917;19970101;19970131;   10;  6.80;  -3.17;   -0.30;   -6.33;    0.81;   5.3;-999; -17.3;-999;    9;    21.7;    8.3;eor
        917;19970201;19970228;   10;  6.15;   5.70;    9.04;    2.38;    1.91;  14.3;-999;  -7.3;-999;    9;    64.7;   10.9;eor
        917;19970301;19970331;   10;  5.35;   8.17;   13.43;    3.83;    1.34;  19.0;-999;  -2.5;-999;    9;    30.3;    5.6;eor
        917;19970401;19970430;   10;  4.52;   7.98;   14.21;    1.20;    1.22;  20.0;-999;  -4.8;-999;    9;    37.7;   11.7;eor
        917;19970501;19970531;   10;  4.71;  14.10;   20.25;    8.03;    1.10;  29.6;-999;   2.2;-999;    9;    61.3;   13.9;eor
        917;19970601;19970630;   10;  5.45;  16.59;   22.35;   11.63;    1.33;  30.1;-999;   5.0;-999;    9;    82.4;   12.3;eor
        917;19970701;19970731;   10;  5.25;  18.17;   24.23;   12.52;    0.98;  28.7;-999;   8.0;-999;    9;    59.7;   14.9;eor
        917;19970801;19970831;   10;  3.69;  20.43;   27.95;   14.46;    0.87;  33.2;-999;  10.9;-999;    9;    31.5;   10.1;eor
        917;19970901;19970930;   10;  3.44;  14.15;   22.23;    8.11;    0.79;  30.9;-999;   1.7;-999;    9;    21.7;   12.5;eor
        917;19971001;19971031;   10;  5.10;   8.22;   13.55;    4.10;    1.35;  24.2;-999;  -6.8;-999;    9;    61.2;   22.7;eor
        917;19971101;19971130;   10;  6.44;   5.11;    7.91;    2.34;    1.37;  13.3;-999;  -5.0;-999;    9;    61.6;   12.1;eor
        917;19971201;19971231;   10;  7.16;   3.62;    5.83;    1.25;    1.60;  14.6;-999;  -6.4;-999;    9;    65.4;    8.0;eor
        917;19980101;19980131;   10;  5.46;   3.16;    6.43;    0.45;    1.70;  12.2;-999; -11.5;-999;    9;    51.4;    9.2;eor
        917;19980201;19980228;   10;  4.86;   4.62;    9.74;   -0.54;    1.47;  18.1;-999; -15.0;-999;    9;    12.9;    6.3;eor
        917;19980301;19980331;   10;  5.73;   6.77;   11.48;    2.69;    1.74;  24.0;-999;  -6.0;-999;    9;    49.1;   15.0;eor
        917;19980401;19980430;   10;  6.29;   9.92;   15.05;    5.37;    1.68;  22.5;-999;  -1.4;-999;    9;    78.4;   11.3;eor
        917;19980501;19980531;   10;  4.46;  15.12;   21.41;    8.84;    1.29;  30.4;-999;   1.6;-999;    9;    75.5;   41.0;eor
        917;19980601;19980630;   10;  5.58;  18.06;   23.74;   12.35;    1.44;  32.7;-999;   5.6;-999;    9;    57.1;   16.4;eor
        917;19980701;19980731;   10;  5.95;  17.58;   22.82;   13.02;    1.57;  34.4;-999;   8.4;-999;    9;    61.7;    9.9;eor
        917;19980801;19980831;   10;  4.25;  17.95;   25.26;   11.20;    1.12;  36.5;-999;   5.5;-999;    9;    37.2;   21.7;eor
        917;19980901;19980930;   10;  6.23;  14.04;   18.60;   10.45;    1.79;  24.4;-999;   3.6;-999;    9;   143.9;   23.5;eor
        917;19981001;19981031;   10;  7.23;   9.99;   12.99;    7.42;    2.07;  18.8;-999;   3.0;-999;    9;   167.7;   41.5;eor
        917;19981101;19981130;   10;  6.78;   2.78;    5.34;    0.08;    1.53;  13.0;-999;  -8.9;-999;    9;    62.6;   11.5;eor
        917;19981201;19981231;   10;  7.06;   2.45;    4.60;   -0.08;    1.66;  13.2;-999;  -8.3;-999;    9;    37.7;    7.6;eor
        917;19990101;19990131;   10;  6.06;   3.70;    6.72;    0.77;    1.68;  16.0;-999;  -8.4;-999;    9;    60.6;    9.3;eor
        917;19990201;19990228;   10;  6.39;   1.91;    4.65;   -1.08;    2.07;  12.3;-999; -10.0;-999;    9;    57.6;   13.2;eor
        917;19990301;19990331;   10;  6.22;   6.68;   11.17;    2.98;    1.77;  19.6;-999;  -2.9;-999;    9;    98.0;   33.2;eor
        917;19990401;19990430;   10;  5.71;  10.51;   15.93;    5.15;    1.40;  22.7;-999;  -0.7;-999;    9;    53.6;   11.7;eor
        917;19990501;19990531;   10;  4.90;  15.25;   21.15;    9.45;    1.48;  30.5;-999;   2.2;-999;    9;    42.7;   16.5;eor
        917;19990601;19990630;   10;  5.16;  16.54;   22.66;   10.78;    1.39;  30.9;-999;   4.8;-999;    9;    81.0;   22.1;eor
        917;19990701;19990731;   10;  4.91;  20.29;   26.10;   14.49;    1.32;  33.2;-999;   8.1;-999;    9;    75.3;   27.3;eor
        917;19990801;19990831;   10;  4.95;  18.26;   24.56;   12.66;    1.20;  31.0;-999;   6.5;-999;    9;    64.2;   19.9;eor
        917;19990901;19990930;   10;  4.93;  17.49;   24.16;   12.36;    1.38;  30.9;-999;   6.7;-999;    9;    37.3;   14.6;eor
        917;19991001;19991031;   10;  4.93;   9.37;   14.22;    5.53;    1.21;  19.2;-999;  -3.0;-999;    9;    31.4;   11.4;eor
        917;19991101;19991130;   10;  6.39;   4.25;    7.11;    1.18;    1.24;  17.1;-999;  -5.5;-999;    9;    70.8;   16.1;eor
        917;19991201;19991231;   10;  7.09;   3.35;    5.49;    1.02;    1.93;  11.0;-999;  -9.4;-999;    9;   104.0;   19.5;eor
        917;20000101;20000131;   10;  6.06;   2.37;    4.67;   -0.45;    1.47;  11.0;-999; -11.7;-999;    9;    40.7;    7.0;eor
        917;20000201;20000229;   10;  6.07;   4.97;    8.88;    1.47;    1.90;  17.4;-999;  -4.6;-999;    9;    65.7;   11.1;eor
        917;20000301;20000331;   10;  6.25;   6.99;   10.99;    3.84;    1.86;  17.7;-999;  -1.2;-999;    9;    78.6;   16.0;eor
        917;20000401;20000430;   10;  5.38;  11.15;   16.87;    6.00;    1.60;  27.6;-999;  -1.6;-999;    9;    34.1;    7.8;eor
        917;20000501;20000531;   10;  5.27;  15.76;   22.11;   10.11;    1.51;  29.5;-999;   4.6;-999;    9;    80.1;   28.8;eor
        917;20000601;20000630;   10;  3.79;  18.50;   25.11;   11.36;    1.37;  34.2;-999;   3.7;-999;    9;    59.4;   24.5;eor
        917;20000701;20000731;   10;  6.18;  16.14;   21.35;   12.17;    1.42;  29.4;-999;   8.1;-999;    9;   177.9;   20.7;eor
        917;20000801;20000831;   10;  4.26;  18.49;   25.54;   13.06;    1.16;  31.2;-999;   9.3;-999;    9;    76.4;   20.7;eor
        917;20000901;20000930;   10;  5.47;  14.70;   19.79;   10.75;    1.28;  26.5;-999;   3.9;-999;    9;    96.3;   21.8;eor
        917;20001001;20001031;   10;  6.71;  10.83;   14.75;    7.47;    1.44;  20.7;-999;  -0.1;-999;    9;    62.6;    9.7;eor
        917;20001101;20001130;   10;  6.34;   7.51;   10.49;    4.49;    1.86;  15.5;-999;  -1.3;-999;    9;    64.1;   16.6;eor
        917;20001201;20001231;   10;  6.56;   4.40;    6.70;    1.96;    1.62;  14.2;-999;  -8.4;-999;    9;    55.1;    9.4;eor
        917;20010101;20010131;   10;  5.97;   2.22;    5.59;   -1.11;    1.76;  13.6;-999; -10.4;-999;    9;    72.2;   17.2;eor
        917;20010201;20010228;   10;  5.48;   4.37;    8.24;    0.85;    1.82;  16.5;-999;  -9.0;-999;    9;    78.8;   14.3;eor
        917;20010301;20010331;   10;  6.77;   6.67;   10.23;    3.75;    1.51;  16.0;-999;  -3.9;-999;    9;   127.2;   17.5;eor
        917;20010401;20010430;   10;  6.17;   8.51;   13.60;    3.79;    1.30;  23.0;-999;  -3.0;-999;    9;    64.9;    9.2;eor
        917;20010501;20010531;   10;  4.35;  16.26;   22.66;    9.90;    1.48;  28.0;-999;   4.4;-999;    9;    21.1;   16.0;eor
        917;20010601;20010630;   10;  5.26;  15.96;   21.56;   10.61;    1.14;  30.2;-999;   4.0;-999;    9;    59.5;    7.4;eor
        917;20010701;20010731;   10;  4.85;  19.98;   26.42;   13.75;    1.47;  34.1;-999;   9.5;-999;    9;    33.1;    6.6;eor
        917;20010801;20010831;   10;  4.29;  19.47;   26.21;   14.12;    1.57;  34.4;-999;   6.3;-999;    9;    49.7;   14.4;eor
        917;20010901;20010930;   10;  6.59;  12.50;   16.76;    9.09;    1.44;  23.5;-999;   1.8;-999;    9;   136.2;   32.2;eor
        917;20011001;20011031;   10;  5.36;  13.35;   18.39;    9.18;    1.21;  26.1;-999;   4.3;-999;    9;    59.4;   14.5;eor
        917;20011101;20011130;   10;  6.16;   4.03;    7.67;    1.05;    1.09;  14.5;-999;  -5.5;-999;    9;   101.0;   15.1;eor
        917;20011201;20011231;   10;  5.91;   0.93;    3.85;   -2.61;    1.86;  11.6;-999; -17.5;-999;    9;    50.2;   17.2;eor
        917;20020101;20020131;   10;  6.24;   1.35;    3.82;   -1.96;    2.08;  14.0;-999; -17.5;-999;    9;    22.8;    5.5;eor
        917;20020201;20020228;   10;  5.75;   6.50;   10.21;    3.20;    2.51;  18.6;-999;  -4.2;-999;    9;   128.6;   19.3;eor
        917;20020301;20020331;   10;  5.08;   6.66;   12.70;    1.88;    1.54;  19.5;-999;  -5.3;-999;    9;    66.6;   18.4;eor
        917;20020401;20020430;   10;  4.77;   9.67;   15.63;    4.36;    1.65;  21.9;  11.3;  -4.1;-999;    9;    55.6;    9.6;eor
        917;20020501;20020531;   10;  5.55;  14.30;   19.84;    9.16;    1.48;  28.6;   9.6;   2.5;-999;    9;   103.1;   25.0;eor
        917;20020601;20020630;   10;  5.18;  19.40;   25.14;   13.07;    1.51;  37.2;-999;   6.4;-999;    9;    20.4;   10.0;eor
        917;20020701;20020731;   10;  5.65;  18.51;   24.05;   13.85;    1.32;  32.0;-999;   7.7;-999;    9;    90.2;   42.1;eor
        917;20020801;20020831;   10;  5.85;  19.09;   25.29;   14.29;    1.01;  31.1;-999;  11.0;-999;    9;    52.4;   18.2;eor
        917;20020901;20020930;   10;  5.17;  13.07;   19.92;    7.75;    1.14;  26.6;-999;   1.4;-999;    9;    39.3;   10.2;eor
        917;20021001;20021031;   10;  6.55;  10.16;   14.33;    6.77;    1.85;  20.5;-999;  -1.6;-999;    9;   128.1;   27.7;eor
        917;20021101;20021130;   10;  6.93;   7.79;   10.65;    4.71;    1.48;  18.0;-999;  -1.9;-999;    9;   114.8;   30.4;eor
        917;20021201;20021231;   10;  6.50;   3.35;    6.04;    1.05;    1.60;  12.7;-999;  -8.6;-999;    9;    93.2;   22.5;eor
        917;20030101;20030131;   10;  6.12;   0.83;    3.71;   -2.20;    1.92;  12.6;-999; -14.8;-999;    9;    72.1;   18.9;eor
        917;20030201;20030228;   10;  3.80;  -0.12;    5.26;   -4.89;    1.64;  14.0;-999;  -9.9;-999;    9;     8.9;    3.5;eor
        917;20030301;20030331;   10;  4.80;   7.48;   14.30;    2.14;    1.46;  20.9;-999;  -4.8;-999;    9;    26.2;    9.5;eor
        917;20030401;20030430;   10;  4.22;   9.97;   16.76;    2.45;    1.76;  24.7;-999;  -7.6;-999;    9;    14.5;    4.0;eor
        917;20030501;20030531;   10;  5.81;  15.26;   21.20;    9.78;    1.63;  29.8;-999;   1.3;-999;    9;    85.5;   18.8;eor
        917;20030601;20030630;   10;  4.81;  21.17;   28.07;   14.01;    1.46;  33.6;-999;   6.2;-999;    9;    41.2;   18.2;eor
        917;20030701;20030731;   10;  4.51;  19.75;   26.57;   13.67;    1.42;  36.4;-999;   9.5;-999;    9;    72.5;   12.4;eor
        917;20030801;20030831;   10;  3.87;  21.85;   30.52;   13.94;    1.19;  38.1;-999;   7.5;-999;    9;    17.1;    7.4;eor
        917;20030901;20030930;   10;  3.76;  13.80;   22.11;    7.81;    1.31;  30.3;-999;   2.3;-999;    9;    37.6;   18.6;eor
        917;20031001;20031031;   10;  5.33;   6.82;   11.90;    2.95;    1.40;  22.8;-999;  -6.4;-999;    9;    72.9;   13.0;eor
        917;20031101;20031130;   10;  6.03;   6.69;   10.52;    3.30;    1.35;  15.0;-999;  -1.8;-999;    9;    51.5;   15.1;eor
        917;20031201;20031231;   10;  5.63;   2.49;    5.95;   -1.14;    1.59;  11.7;-999; -10.0;-999;    9;    52.3;   31.1;eor
        917;20040101;20040131;   10;  7.14;   1.97;    4.42;   -0.68;    1.98;  11.4;-999;  -9.5;-999;    9;    82.3;   18.6;eor
        917;20040201;20040229;   10;  5.86;   3.71;    7.24;    0.63;    1.71;  15.1;-999; -10.0;-999;    9;    22.9;    6.0;eor
        917;20040301;20040331;   10;  5.01;   5.01;   10.32;    0.75;    1.77;  22.1;-999;  -5.5;-999;    9;    29.6;    7.0;eor
        917;20040401;20040430;   10;  5.31;  10.85;   17.05;    4.72;    1.60;  25.5;-999;  -2.0;-999;    9;    27.6;   11.4;eor
        917;20040501;20040531;   10;  4.95;  12.50;   18.62;    6.38;    1.37;  25.0;-999;  -0.6;-999;    9;    76.4;   34.1;eor
        917;20040601;20040630;   10;  5.48;  16.94;   22.85;   10.70;    1.46;  32.0;-999;   5.1;-999;    9;    56.6;   24.7;eor
        917;20040701;20040731;   10;  5.81;  18.15;   24.03;   13.35;    1.41;  30.6;-999;   8.2;-999;    9;    80.4;   20.4;eor
        917;20040801;20040831;   10;  5.44;  19.30;   25.44;   14.73;    1.67;  32.2;-999;   7.5;-999;    9;   126.0;   33.8;eor
        917;20040901;20040930;   10;  4.50;  14.79;   21.05;    9.01;    1.61;  28.3;-999;   3.5;-999;    9;    48.4;   17.6;eor
        917;20041001;20041031;   10;  5.62;  10.72;   15.77;    5.79;    1.58;  25.5;-999;  -0.1;-999;    9;    47.0;    7.9;eor
        917;20041101;20041130;   10;  6.18;   4.65;    7.81;    1.32;    1.53;  13.3;-999;  -5.2;-999;    9;    32.0;   12.9;eor
        917;20041201;20041231;   10;  6.86;   1.01;    3.48;   -1.76;    1.65;   9.5;-999;  -9.1;-999;    9;    27.7;    6.4;eor
        917;20050101;20050131;   10;  6.13;   2.94;    5.83;    0.05;    2.37;  13.2;-999; -12.3;-999;    9;    39.9;   11.5;eor
        917;20050201;20050228;   10;  6.16;  -0.24;    3.39;   -4.05;    1.71;  11.8;-999; -17.4;-999;    9;    59.4;   15.7;eor
        917;20050301;20050331;   10;  5.80;   5.66;   11.06;   -0.19;    1.95;  21.2;-999; -15.8;-999;    9;    45.5;   17.4;eor
        917;20050401;20050430;   10;  5.02;  10.46;    -999;    -999;    2.02;-999;-999;-999;-999;    9;    88.5;   16.6;eor
        917;20050501;20050531;   10;  5.08;  14.01;   20.56;    7.34;    1.75;  32.7;-999;   0.2;-999;    9;    78.2;   14.1;eor
        917;20050601;20050630;   10;  4.94;  18.07;   25.18;   10.46;    1.60;  33.7;-999;   2.5;-999;    9;    60.6;   49.3;eor
        917;20050701;20050731;   10;  5.51;  19.16;   25.75;   12.78;    1.75;  34.7;-999;   7.3;-999;    9;    69.6;   13.3;eor
        917;20050801;20050831;   10;  5.21;  16.84;   23.32;   11.00;    1.63;  30.6;-999;   6.1;-999;    9;    41.1;   14.5;eor
        917;20050901;20050930;   10;  4.60;  15.81;   22.96;    9.76;    1.30;  30.8;-999;   2.2;-999;    9;    24.8;    7.2;eor
        917;20051001;20051031;   10;  4.57;  11.41;   17.08;    6.72;    1.36;  21.9;-999;  -1.8;-999;    9;    44.7;   27.6;eor
        917;20051101;20051130;   10;  6.27;   4.88;    8.42;    0.77;    1.87;  19.1;-999;  -5.3;-999;    9;    39.5;   10.3;eor
        917;20051201;20051231;   10;  6.92;   1.69;    4.06;   -1.12;    1.77;   8.9;-999;  -6.7;-999;    9;    56.2;    9.9;eor
        917;20060101;20060131;   10;  5.63;  -1.36;    1.92;   -5.32;    1.77;   7.4;-999; -13.1;-999;    9;    25.1;    9.0;eor
        917;20060201;20060228;   10;  6.94;   1.01;    3.96;   -1.85;    1.96;  11.4;-999; -12.2;-999;    9;    38.9;   12.1;eor
        917;20060301;20060331;   10;  5.99;   3.45;    7.91;   -0.72;    2.19;  16.8;-999; -11.6;-999;    9;    86.4;   25.1;eor
        917;20060401;20060430;   10;  5.33;   9.61;   14.98;    4.17;    1.97;  23.5;-999;  -3.8;-999;    9;    32.7;    4.7;eor
        917;20060501;20060531;   10;  5.34;  14.25;   20.22;    8.09;    2.03;  26.1;-999;   3.0;-999;    9;   112.1;   34.4;eor
        917;20060601;20060630;   10;  3.79;  17.74;   24.78;   10.15;    1.63;  32.2;-999;   2.8;-999;    9;    50.0;   25.0;eor
        917;20060701;20060731;   10;  2.91;  22.90;   30.78;   15.48;    1.84;  36.0;-999;   9.5;-999;    9;   111.7;   46.4;eor
        917;20060801;20060831;   10;  6.33;  16.08;   21.37;   11.97;    1.74;  27.0;-999;   8.0;-999;    9;   163.9;   32.7;eor
        917;20060901;20060930;   10;  4.65;  17.39;   24.02;   11.78;    1.37;  28.6;-999;   6.6;-999;    9;    25.0;   13.3;eor
        917;20061001;20061031;   10;  5.65;  12.87;   17.97;    8.23;    1.81;  23.4;-999;   1.7;-999;    9;    77.1;   25.1;eor
        917;20061101;20061130;   10;  6.85;   7.90;   11.57;    3.87;    1.83;  19.3;-999;  -2.9;-999;    9;    32.6;    4.9;eor
        917;20061201;20061231;   10;  6.20;   4.47;    7.83;    0.84;    2.10;  15.0;-999;  -5.9;-999;    9;    36.4;    8.7;eor
        917;20070101;20070131;   10;  6.78;   5.81;    8.27;    2.79;    2.84;  14.6;-999; -11.8;-999;    9;    50.1;   13.9;eor
        917;20070201;20070228;   10;  6.57;   5.44;    9.19;    1.76;    1.96;  14.2;-999;  -2.6;-999;    9;    75.7;   10.6;eor
        917;20070301;20070331;   10;  4.60;   6.98;   12.78;    1.32;    2.00;  18.2;-999;  -3.0;-999;    9;    61.5;   19.9;eor
        917;20070401;20070430;   10;  2.58;  13.00;   21.87;    4.33;    1.73;  28.1;-999;  -2.4;-999;    9;     1.1;    1.1;eor
        917;20070501;20070531;   10;  5.30;  15.36;   21.47;    8.78;    1.81;  30.5;-999;   1.8;-999;    9;   125.9;   34.1;eor
        917;20070601;20070630;   10;  5.59;  18.30;   24.15;   13.22;    1.97;  30.2;-999;   9.1;-999;    9;   118.9;   25.7;eor
        917;20070701;20070731;   10;  5.27;  18.04;   23.75;   12.65;    2.29;  34.7;-999;   5.5;-999;    9;   110.3;   22.6;eor
        917;20070801;20070831;   10;  4.79;  17.48;   23.39;   11.86;    1.68;  30.9;-999;   5.7;-999;    9;    73.2;   17.9;eor
        917;20070901;20070930;   10;  4.93;  12.98;   18.76;    7.41;    1.77;  24.6;-999;   2.6;-999;    9;    59.9;   20.2;eor
        917;20071001;20071031;   10;  4.84;   8.89;   14.76;    3.86;    1.48;  21.9;-999;  -2.2;-999;    9;     7.3;    2.4;eor
        917;20071101;20071130;   10;  6.31;   4.27;    7.48;    1.15;    1.80;  12.0;-999;  -6.0;-999;    9;    57.5;    9.6;eor
        917;20071201;20071231;   10;  6.22;   1.86;    4.23;   -0.55;    1.94;  12.2;-999;  -9.3;-999;    9;    59.2;   11.9;eor
        917;20080101;20080131;   10;  6.63;   4.79;    7.63;    1.11;    2.32;  14.3;-999;  -3.8;-999;    9;    42.5;   13.7;eor
        917;20080201;20080229;   10;  4.33;   3.85;    9.55;   -0.84;    1.90;  16.4;-999;  -8.8;-999;    9;    66.4;   16.9;eor
        917;20080301;20080331;   10;  6.41;   5.68;    9.66;    1.44;    2.13;  22.2;-999;  -7.2;-999;    9;    81.1;   12.3;eor
        917;20080401;20080430;   10;  6.39;   8.61;   13.65;    3.68;    1.67;  22.7;-999;  -3.0;-999;    9;    86.3;   19.0;eor
        917;20080501;20080531;   10;  4.47;  16.35;   23.17;    9.39;    1.80;  30.8;-999;   3.4;-999;    9;    33.9;   19.5;eor
        917;20080601;20080630;   10;  5.19;  18.32;   24.98;   11.60;    1.83;  31.2;-999;   6.4;-999;    9;    40.7;   16.7;eor
        917;20080701;20080731;   10;  5.25;  19.17;   26.01;   12.77;    1.77;  34.0;-999;   6.4;-999;    9;    37.2;    8.3;eor
        917;20080801;20080831;   10;  4.76;  18.40;   24.01;   13.44;    1.87;  31.0;-999;   7.5;-999;    9;    97.0;   22.0;eor
        917;20080901;20080930;   10;  5.31;  12.46;   17.92;    7.22;    1.63;  25.9;-999;   0.5;-999;    9;    52.5;   11.3;eor
        917;20081001;20081031;   10;  5.89;   9.53;   14.14;    5.21;    1.81;  20.9;-999;  -1.2;-999;    9;    68.2;   11.7;eor
        917;20081101;20081130;   10;  6.46;   5.82;    9.11;    1.83;    1.97;  15.7;-999;  -5.4;-999;    9;    25.4;    7.3;eor
        917;20081201;20081231;   10;  6.02;   1.41;    3.94;   -1.62;    1.74;  10.3;-999; -10.2;-999;    9;    46.4;   10.3;eor
        917;20090101;20090131;   10;  5.45;  -2.64;    1.77;   -6.88;    1.45;   9.8;-999; -19.3;-999;    9;    24.6;   13.9;eor
        917;20090201;20090228;   10;  6.35;   1.59;    5.03;   -1.89;    1.86;  11.0;-999;  -9.3;-999;    9;    58.3;    9.4;eor
        917;20090301;20090331;   10;  5.88;   5.42;   10.00;    0.65;    1.90;  15.4;-999;  -5.5;-999;    9;    88.3;   16.9;eor
        917;20090401;20090430;   10;  4.07;  12.96;   19.84;    5.87;    1.77;  25.2;-999;   0.2;-999;    9;    40.2;   10.9;eor
        917;20090501;20090531;   10;  4.85;  14.98;   21.45;    8.32;    2.00;  31.5;-999;   2.6;-999;    9;    50.2;   10.4;eor
        917;20090601;20090630;   10;  4.71;  16.35;   22.35;   10.15;    1.93;  29.5;-999;   4.2;-999;    9;    69.6;   21.0;eor
        917;20090701;20090731;   10;  5.33;  18.89;   25.04;   13.35;    1.77;  30.8;-999;   9.3;-999;    9;    98.5;   16.0;eor
        917;20090801;20090831;   10;  3.66;  19.44;   27.02;   12.38;    1.48;  35.7;-999;   4.4;-999;    9;    20.0;    5.4;eor
        917;20090901;20090930;   10;  5.03;  15.15;   21.76;    9.49;    1.53;  31.2;-999;   4.6;-999;    9;    41.2;   15.2;eor
        917;20091001;20091031;   10;  5.62;   9.25;   13.97;    4.52;    1.71;  24.5;-999;  -3.9;-999;    9;    60.1;   11.9;eor
        917;20091101;20091130;   10;  6.55;   8.47;   11.51;    5.15;    2.07;  15.2;-999;  -1.3;-999;    9;    78.6;   14.8;eor
        917;20091201;20091231;   10;  6.77;   1.88;    4.87;   -1.94;    1.84;  11.9;-999; -19.4;-999;    9;    86.6;   11.1;eor
        917;20100101;20100131;   10;  7.09;  -2.16;    0.13;   -4.84;    1.68;   4.9;-999; -15.3;-999;    9;    51.1;    9.4;eor
        917;20100201;20100228;   10;  7.08;   1.48;    4.64;   -1.53;    1.86;  15.1;-999;  -9.3;-999;    9;    61.7;    7.2;eor
        917;20100301;20100331;   10;  5.15;   5.75;   10.94;    0.51;    1.97;  21.2;-999;  -9.2;-999;    9;    37.1;    6.7;eor
        917;20100401;20100430;   10;  3.46;   9.95;   16.87;    2.29;    2.07;  26.7;-999;  -3.2;-999;    9;    26.4;    8.1;eor
        917;20100501;20100531;   10;  6.29;  11.54;   16.66;    6.62;    1.65;  27.8;-999;   2.5;-999;    9;   135.2;   19.2;eor
        917;20100601;20100630;   10;  4.02;  17.65;   24.52;   10.68;    1.70;  30.9;-999;   4.2;-999;    9;    58.7;   21.5;eor
        917;20100701;20100731;   10;  3.68;  20.61;   27.71;   13.41;    1.61;  35.3;-999;   6.7;-999;    9;   102.2;   23.2;eor
        917;20100801;20100831;   10;  5.92;  17.24;   22.75;   12.43;    1.77;  30.1;-999;   6.8;-999;    9;   154.0;   26.6;eor
        917;20100901;20100930;   10;  -999;  13.01;   18.52;    8.23;    1.60;  24.8;-999;   1.5;-999;    9;    59.2;   20.0;eor
        917;20101001;20101031;   10;  4.47;   8.42;   14.15;    3.01;    1.61;  23.9;-999;  -4.4;-999;    9;    20.3;    5.4;eor
        917;20101101;20101130;   10;  7.02;   6.38;    8.71;    4.09;    1.73;  18.8;-999;  -4.5;-999;    9;    73.0;   15.2;eor
        917;20101201;20101231;   10;  7.48;  -2.10;    0.24;   -5.31;    1.74;   4.8;-999; -18.5;-999;    9;   100.6;   25.4;eor
        917;20110101;20110131;   10;  6.37;   2.25;    5.08;   -0.86;    1.87;  14.3;-999;  -9.0;-999;    9;    59.2;   13.3;eor
        917;20110201;20110228;   10;  6.48;   2.73;    6.07;   -0.52;    2.11;  11.5;-999;  -9.0;-999;    9;    18.4;    3.2;eor
        917;20110301;20110331;   10;  3.76;   6.73;   13.37;    0.63;    2.10;  19.6;-999;  -7.5;-999;    9;    16.1;    4.6;eor
        917;20110401;20110430;   10;  3.36;  12.75;   20.65;    4.79;    1.70;  27.5;-999;  -1.5;-999;    9;    12.3;    6.4;eor
        917;20110501;20110531;   10;  3.37;  15.24;   23.57;    6.62;    1.81;  31.3;-999;  -2.5;-999;    9;    16.3;   11.6;eor
        917;20110601;20110630;   10;  5.38;  17.87;   23.67;   12.70;    2.03;  32.8;-999;   9.1;-999;    9;    65.9;   16.6;eor
        917;20110701;20110731;   10;  5.59;  16.90;   22.74;   11.43;    1.71;  30.7;-999;   7.4;-999;    9;    75.8;   15.3;eor
        917;20110801;20110831;   10;  -999;  18.45;   25.10;   12.65;-999;  34.1;-999;   6.8;-999;    9;   151.0;   44.5;eor
        917;20110901;20110930;   10;  -999;  15.94;   22.75;   10.13;-999;  29.8;-999;   4.1;-999;    9;    42.1;   18.3;eor
        917;20111001;20111031;   10;  -999;   9.72;   15.77;    4.37;-999;  26.5;-999;  -2.7;-999;    9;    28.2;   11.0;eor
        917;20111101;20111130;   10;  5.16;   4.46;    8.97;    0.59;    1.17;  17.4;-999;  -5.8;-999;    9;     1.2;    0.6;eor
        917;20111201;20111231;   10;  7.02;   4.90;    7.45;    2.13;    2.54;  13.0;-999;  -5.2;-999;    9;   105.3;   33.0;eor
        917;20120101;20120131;   10;  -999;   2.95;    5.94;   -0.01;-999;  12.7;-999;  -8.9;-999;    9;    69.9;   11.3;eor
        917;20120201;20120229;   10;  -999;  -1.81;    2.55;   -6.11;-999;  13.8;-999; -18.1;-999;    9;    10.5;    5.3;eor
        917;20120301;20120331;   10;  -999;   7.75;   14.12;    0.99;-999;  21.7;-999;  -4.2;-999;    9;    19.3;    7.9;eor
        917;20120401;20120430;   10;  -999;   9.37;   15.18;    3.44;-999;  31.5;-999;  -5.0;-999;    9;    43.2;    7.8;eor
        917;20120501;20120531;   10;  -999;  15.74;   22.58;    8.38;-999;  30.7;-999;  -0.8;-999;    9;    47.8;   13.4;eor
        917;20120601;20120630;   10;  -999;  16.68;   22.41;   11.17;-999;  30.6;-999;   7.2;-999;    9;    89.7;   15.3;eor
        917;20120701;20120731;   10;  -999;  18.36;   24.20;   12.63;-999;  33.9;-999;   5.6;-999;    9;   123.8;   57.9;eor
        917;20120801;20120831;   10;  -999;  19.54;   26.39;   13.11;-999;  35.7;-999;   8.2;-999;    9;    62.7;   24.3;eor
        917;20120901;20120930;   10;  -999;  13.94;   21.35;    7.54;-999;  30.3;-999;   1.1;-999;    9;    42.3;    9.7;eor
        917;20121001;20121031;   10;  -999;   9.10;   14.23;    4.04;-999;  21.3;-999;  -6.6;-999;    9;    60.5;   11.9;eor
        917;20121101;20121130;   10;  -999;   5.87;    8.86;    2.51;-999;  14.5;-999;  -5.7;-999;    9;    45.2;   10.9;eor
        917;20121201;20121231;   10;  -999;   3.50;    5.85;    0.70;-999;  14.3;-999; -10.9;-999;    9;    94.1;   18.6;eor
        917;20130101;20130131;   10;  -999;   1.43;    3.31;   -0.89;-999;  13.0;-999; -10.0;-999;    9;    47.3;   15.2;eor
        917;20130201;20130228;   10;  -999;   0.33;    2.81;   -2.38;-999;   7.3;-999;  -8.1;-999;    9;    47.0;    8.5;eor
        917;20130301;20130331;   10;  -999;   2.28;    7.11;   -2.33;-999;  18.1;-999; -14.0;-999;    9;    29.0;    9.4;eor
        917;20130401;20130430;   10;  -999;   9.59;   14.90;    4.79;-999;  26.1;-999;  -4.5;-999;    9;    78.1;   27.8;eor
        917;20130501;20130531;   10;  -999;  12.17;   17.41;    7.39;-999;  24.3;-999;  -0.8;-999;    9;   141.6;   37.8;eor
        917;20130601;20130630;   10;  -999;  16.90;   23.20;   10.68;-999;  35.9;-999;   5.3;-999;    9;    64.1;   25.1;eor
        917;20130701;20130731;   10;  -999;  20.84;   28.03;   13.77;-999;  36.2;-999;   7.9;-999;    9;    26.8;    9.5;eor
        917;20130801;20130831;   10;  -999;  18.36;   25.97;   11.72;-999;  36.0;-999;   6.4;-999;    9;    72.1;   49.7;eor
        917;20130901;20130930;   10;  -999;  14.31;   19.72;    9.79;-999;  31.4;-999;   5.8;-999;    9;    83.2;   16.3;eor
        917;20131001;20131031;   10;  -999;  11.39;   15.84;    7.39;-999;  25.3;-999;  -1.7;-999;    9;    90.3;   24.6;eor
        917;20131101;20131130;   10;  -999;   5.19;    8.05;    1.94;-999;  16.1;-999;  -7.3;-999;    9;    68.6;   13.5;eor
        917;20131201;20131231;   10;  -999;   4.21;    7.67;    0.91;-999;  15.7;-999;  -5.1;-999;    9;    42.0;   10.8;eor
        917;20140101;20140131;   10;  -999;   4.41;    7.21;    0.92;-999;  13.6;-999;  -4.4;-999;    9;    43.8;    8.5;eor
        917;20140201;20140228;   10;  -999;   5.43;    9.77;    1.30;-999;  14.8;-999;  -3.9;-999;    9;    39.2;    7.7;eor
        917;20140301;20140331;   10;  -999;   7.70;   15.21;    1.05;-999;  22.6;-999;  -3.6;-999;    9;    15.3;    6.9;eor
        917;20140401;20140430;   10;  -999;  12.42;   19.18;    5.12;-999;  25.7;-999;  -2.2;-999;    9;    58.3;   23.0;eor
        917;20140501;20140531;   10;  -999;  13.55;   19.78;    7.32;-999;  29.0;-999;  -0.7;-999;    9;    71.7;   28.2;eor
        917;20140601;20140630;   10;  -999;  17.40;   24.58;    9.66;-999;  35.4;-999;   5.1;-999;    9;    31.3;   21.6;eor
        917;20140701;20140731;   10;  -999;  19.84;   26.45;   14.15;-999;  33.9;-999;   6.5;-999;    9;   114.2;   20.4;eor
        917;20140801;20140831;   10;  -999;  16.65;   22.65;   11.48;-999;  28.0;-999;   4.6;-999;    9;   118.4;   32.3;eor
        917;20140901;20140930;   10;  -999;   -999;   21.26;   10.42;-999;  27.4;-999;   3.5;-999;    9;    30.4;   14.0;eor
        917;20141001;20141031;   10;  -999;  12.38;   17.06;    8.02;-999;  23.0;-999;   0.9;-999;    9;    62.2;   12.7;eor
        917;20141101;20141130;   10;  -999;   6.94;    9.99;    3.71;-999;  15.9;-999;  -1.2;-999;    9;    50.9;   24.1;eor
        917;20141201;20141231;   10;  -999;   3.49;    5.57;    0.56;-999;  12.9;-999; -13.6;-999;    9;    73.3;   12.6;eor
        917;20150101;20150131;   10;  -999;   2.75;    5.19;   -0.17;-999;  14.7;-999;  -6.4;-999;    9;    92.5;   15.2;eor
        917;20150201;20150228;   10;  -999;   1.86;    5.34;   -1.24;-999;  12.4;-999;  -6.4;-999;    9;    24.1;    7.9;eor
        917;20150301;20150331;   10;  -999;   5.88;   12.17;    0.17;-999;  19.5;-999;  -4.0;-999;    9;    28.3;    8.4;eor
        917;20150401;20150430;   10;  -999;   9.77;   17.27;    1.80;-999;  25.5;-999;  -3.6;-999;    9;    25.8;    5.1;eor
        917;20150501;20150531;   10;  -999;  14.14;   20.99;    6.47;-999;  29.3;-999;   1.5;-999;    9;    16.3;    5.4;eor
        917;20150601;20150630;   10;  -999;  17.65;   24.10;   10.87;-999;  34.4;-999;   5.4;-999;    9;    55.5;   16.7;eor
        917;20150701;20150731;   10;  -999;  21.48;   28.98;   14.30;-999;  38.4;-999;   4.8;-999;    9;    28.2;    7.7;eor
        917;20150801;20150831;   10;  -999;  20.89;   28.61;   14.34;-999;  39.5;-999;   7.6;-999;    9;    40.4;    8.4;eor
        917;20150901;20150930;   10;  -999;  13.68;   19.63;    8.55;-999;  26.6;-999;   3.2;-999;    9;    62.1;   15.6;eor
        917;20151001;20151031;   10;  -999;   8.97;   13.88;    4.44;-999;  20.9;-999;  -0.5;-999;    9;    16.8;    3.6;eor
        917;20151101;20151130;   10;  -999;   7.96;   11.09;    4.51;-999;  19.7;-999;  -4.1;-999;    9;    74.8;   20.1;eor
        917;20151201;20151231;   10;  -999;   7.26;   10.37;    3.34;-999;  14.1;-999;  -2.3;-999;    9;    37.1;    6.8;eor
        917;20160101;20160131;   10;  -999;   3.33;    6.05;    0.19;-999;  13.0;-999;  -9.3;-999;    9;    72.8;   11.3;eor
        917;20160201;20160229;   10;  -999;   4.48;    7.75;    1.37;-999;  13.6;-999;  -3.9;-999;    9;    99.4;   25.8;eor
        917;20160301;20160331;   10;  -999;   5.32;    9.85;    0.83;-999;  15.5;-999;  -4.1;-999;    9;    57.5;   13.8;eor
        917;20160401;20160430;   10;  -999;   8.82;   15.36;    2.80;-999;  22.1;-999;  -2.0;-999;    9;    60.3;   12.8;eor
        917;20160501;20160531;   10;  -999;  14.24;   20.75;    7.83;-999;  27.8;-999;  -0.7;-999;    9;    81.4;   26.2;eor
        917;20160601;20160630;   10;  -999;  17.56;   23.41;   12.13;-999;  34.9;-999;   6.6;-999;    9;   103.1;   23.2;eor
        917;20160701;20160731;   10;  -999;  19.86;   26.47;   13.65;-999;  35.3;-999;   8.0;-999;    9;    43.5;   12.2;eor
        917;20160801;20160831;   10;  -999;  18.75;   26.33;   12.34;-999;  35.6;-999;   4.1;-999;    9;    35.9;   16.5;eor
        917;20160901;20160930;   10;  -999;  17.45;   25.09;   11.22;-999;  33.1;-999;   5.9;-999;    9;    31.0;   18.0;eor
        917;20161001;20161031;   10;  -999;   9.01;   13.75;    4.89;-999;  18.4;-999;  -0.1;-999;    9;    49.4;   15.6;eor
        917;20161101;20161130;   10;  -999;   4.91;    8.30;    1.32;-999;  15.8;-999;  -8.5;-999;    9;    48.4;   10.5;eor
        917;20161201;20161231;   10;  -999;   1.98;    4.46;   -0.87;-999;  10.3;-999;  -8.5;-999;    9;     9.8;    4.0;eor
        917;20170101;20170131;   10;  -999;  -1.76;    1.84;   -5.49;-999;   6.3;-999; -13.3;-999;    9;    25.5;    5.6;eor
        917;20170201;20170228;   10;  -999;   4.74;    9.17;    0.30;-999;  15.2;-999;  -4.9;-999;    9;    27.5;    7.0;eor
        917;20170301;20170331;   10;  -999;   8.54;   14.72;    2.81;-999;  23.7;-999;  -2.1;-999;    9;    48.3;   11.6;eor
        917;20170401;20170430;   10;  -999;   8.80;   15.65;    1.97;-999;  23.4;-999;  -4.7;-999;    9;    14.9;    9.7;eor
        917;20170501;20170531;   10;  -999;  15.20;   21.81;    8.51;-999;  33.3;-999;  -0.8;-999;    9;    80.8;   17.8;eor
        917;20170601;20170630;   10;  -999;  19.44;   26.49;   12.33;-999;  34.2;-999;   7.7;-999;    9;    52.6;   16.4;eor
        917;20170701;20170731;   10;  -999;  19.60;   26.00;   13.94;-999;  34.2;-999;   7.4;-999;    9;   138.7;   42.2;eor
        917;20170801;20170831;   10;  -999;  18.74;   25.12;   13.27;-999;  30.2;-999;   9.2;-999;    9;    85.2;   23.3;eor
        917;20170901;20170930;   10;  -999;  13.61;   19.64;    9.06;-999;  25.3;-999;   3.2;-999;    9;    61.9;   31.1;eor
        917;20171001;20171031;   10;  -999;  11.38;   16.37;    7.05;-999;  23.0;-999;  -1.4;-999;    9;    50.1;   21.5;eor
        917;20171101;20171130;   10;  -999;   5.65;    8.63;    2.11;-999;  15.6;-999;  -2.0;-999;    9;   108.6;   17.6;eor
        917;20171201;20171231;   10;  -999;   3.66;    5.63;    1.45;-999;  13.2;-999;  -4.7;-999;    9;    90.2;   13.9;eor
        917;20180101;20180131;   10;  -999;   5.74;    8.12;    3.30;-999;  11.6;-999;  -3.5;-999;    9;    81.6;   10.4;eor
        917;20180201;20180228;   10;  -999;  -0.41;    3.39;   -3.93;-999;   8.4;-999; -11.6;-999;    9;    13.4;    4.3;eor
        917;20180301;20180331;   10;  -999;   4.45;    9.30;   -0.16;-999;  15.6;-999;  -8.8;-999;    9;    55.8;    8.0;eor
        917;20180401;20180430;   10;  -999;  13.63;   20.95;    6.54;-999;  28.8;-999;  -1.6;-999;    9;    54.4;   24.1;eor
        917;20180501;20180531;   10;  -999;  16.77;   24.26;    9.93;-999;  31.6;-999;   0.6;-999;    9;    47.4;   10.1;eor
        917;20180601;20180630;   10;  -999;  19.42;   26.18;   13.12;-999;  31.6;-999;   5.4;-999;    9;    18.7;   12.2;eor
        917;20180701;20180731;   10;  -999;  21.70;   30.52;   13.51;-999;  37.1;-999;  10.3;-999;    9;     8.0;    2.0;eor
        917;20180801;20180831;   10;  -999;  20.95;   29.26;   13.55;-999;  37.2;-999;   6.0;-999;    9;    15.9;    5.7;eor
        917;20180901;20180930;   10;  -999;  15.46;   23.92;    8.57;-999;  31.5;-999;   0.6;-999;    9;    34.6;   12.6;eor
        917;20181001;20181031;   10;  -999;  11.03;   17.94;    5.47;-999;  27.4;-999;  -0.4;-999;    9;     7.9;    3.4;eor
        917;20181101;20181130;   10;  -999;   6.43;   10.15;    2.37;-999;  19.0;-999;  -4.4;-999;    9;    24.7;    6.8;eor
        917;20181201;20181231;   10;  -999;   4.48;    6.78;    1.88;-999;  12.7;-999;  -4.4;-999;    9;   114.4;   34.1;eor
        917;20190101;20190131;   10;  -999;   1.44;    3.95;   -1.40;-999;   8.9;-999; -11.1;-999;    9;    59.4;    6.9;eor
        917;20190201;20190228;   10;  -999;   4.33;   10.82;   -1.26;-999;  19.3;-999;  -4.7;-999;    9;    16.4;    6.9;eor
        917;20190301;20190331;   10;  -999;   7.67;   13.09;    2.25;-999;  21.1;-999;  -3.7;-999;    9;    43.9;   10.8;eor
        917;20190401;20190430;   10;  -999;  10.76;   17.27;    3.98;-999;  26.3;-999;  -0.4;-999;    9;    43.1;   10.5;eor
        917;20190501;20190531;   10;  -999;  12.08;   18.08;    5.76;-999;  25.9;-999;  -1.3;-999;    9;   109.2;   22.2;eor
        917;20190601;20190630;   10;  -999;  20.16;   27.82;   12.17;-999;  37.6;-999;   6.2;-999;    9;    73.4;   23.3;eor
        917;20190701;20190731;   10;  -999;  20.23;   27.42;   12.60;-999;  39.3;-999;   4.7;-999;    9;    41.1;   17.2;eor
        917;20190801;20190831;   10;  -999;  19.67;   27.18;   13.28;-999;  33.4;-999;   8.6;-999;    9;    49.7;   13.1;eor
        917;20190901;20190930;   10;  -999;  14.40;   20.77;    8.27;-999;  26.4;-999;   2.4;-999;    9;    75.8;   14.2;eor
        917;20191001;20191031;   10;  -999;  11.67;   15.71;    7.80;-999;  24.6;-999;  -0.9;-999;    9;    93.1;   24.4;eor
        917;20191101;20191130;   10;  -999;   5.53;    8.65;    2.26;-999;  16.0;-999;  -3.0;-999;    9;    63.8;   15.6;eor
        917;20191201;20191231;   10;  -999;   3.90;    7.02;    0.48;-999;  14.9;-999;  -6.1;-999;    9;    69.0;   11.1;eor
        917;20200101;20200131;   10;  -999;   3.86;    7.09;    0.73;-999;  14.1;-999;  -7.8;-999;    9;    37.4;   12.8;eor
        917;20200201;20200229;   10;  -999;   6.22;    9.97;    2.53;-999;  17.8;-999;  -4.6;-999;    9;   108.8;   22.9;eor
        917;20200301;20200331;   10;  -999;   6.74;   12.12;    1.20;-999;  19.1;-999;  -6.9;-999;    9;    66.0;   18.4;eor
        917;20200401;20200430;   10;  -999;  11.68;   20.59;    2.86;-999;  25.7;-999;  -5.7;-999;    9;    14.8;    7.9;eor
        917;20200501;20200531;   10;  -999;  12.97;   20.28;    5.27;-999;  26.1;-999;  -0.9;-999;    9;    67.0;   29.1;eor
        917;20200601;20200630;   10;  -999;  17.59;   24.07;   11.13;-999;  31.4;-999;   6.1;-999;    9;    48.5;   13.0;eor
        917;20200701;20200731;   10;  -999;  19.40;   26.72;   11.73;-999;  35.3;-999;   5.8;-999;    9;    21.9;    7.0;eor
        917;20200801;20200831;   10;  -999;  20.95;   27.95;   14.76;-999;  37.0;-999;   9.8;-999;    9;    75.5;   26.9;eor
        917;20200901;20200930;   10;  -999;  15.70;   23.01;    9.41;-999;  31.2;-999;   3.8;-999;    9;    38.4;   27.2;eor
        917;20201001;20201031;   10;  -999;  10.88;   14.60;    7.24;-999;  20.1;-999;  -0.3;-999;    9;    67.0;   13.6;eor
        917;20201101;20201130;   10;  -999;   6.12;   10.12;    2.03;-999;  22.6;-999;  -7.3;-999;    9;    25.7;    8.0;eor
        917;20201201;20201231;   10;  -999;   3.88;    6.40;    0.97;-999;  13.8;-999;  -3.4;-999;    9;    86.2;   14.4;eor
        917;20210101;20210131;   10;  -999;   1.83;    4.17;   -0.54;-999;  11.6;-999;  -7.8;-999;    9;    78.6;   17.6;eor
        917;20210201;20210228;   10;  -999;   2.86;    8.31;   -2.28;-999;  19.6;-999; -12.5;-999;    9;    42.9;   15.1;eor
        917;20210301;20210331;   10;  -999;   6.03;   12.22;    0.34;-999;  25.6;-999;  -6.5;-999;    9;    22.8;    5.0;eor
        917;20210401;20210430;   10;  -999;   7.10;   13.75;    0.09;-999;  24.9;-999;  -4.2;-999;    9;    22.2;    8.1;eor
        917;20210501;20210531;    3;  -999;  11.56;   17.34;    5.74;-999;  29.3;-999;  -1.9;-999;    9;    88.4;   13.9;eor
        917;20210601;20210630;    3;  -999;  19.93;   26.45;   13.44;-999;  33.3;-999;   5.4;-999;    9;   100.1;   23.3;eor
        917;20210701;20210731;    3;  -999;  18.68;   24.71;   13.12;-999;  28.5;-999;  10.0;-999;    9;    94.5;   21.3;eor
        917;20210801;20210831;    3;  -999;  17.20;   23.07;   11.94;-999;  30.6;-999;   7.7;-999;    9;    82.8;   15.5;eor
        917;20210901;20210930;    3;  -999;  15.83;   22.51;   10.20;-999;  27.7;-999;   4.1;-999;    9;    25.9;   13.0;eor
        917;20211001;20211031;    3;  -999;   9.37;   14.95;    4.44;-999;  22.5;-999;  -1.8;-999;    9;    58.1;   13.2;eor
        917;20211101;20211130;    3;  -999;   4.75;    7.57;    2.06;-999;  15.5;-999;  -3.9;-999;    9;    38.2;    6.1;eor
        917;20211201;20211231;    3;  -999;   3.97;    6.63;    1.23;-999;  15.0;-999;  -8.1;-999;    9;    52.6;    8.1;eor
        917;20220101;20220131;    3;  -999;   3.07;    5.44;    0.26;-999;  12.1;-999;  -4.7;-999;    3;    62.4;   22.4;eor
        917;20220201;20220228;    3;  -999;   5.32;    9.49;    1.45;-999;  13.5;-999;  -5.8;-999;    3;    53.3;   19.0;eor
        917;20220301;20220331;    3;  -999;   6.10;   13.70;   -0.95;-999;  21.0;-999;  -7.0;-999;    3;    19.0;   11.7;eor
        917;20220401;20220430;    3;  -999;   8.94;   15.09;    2.64;-999;  24.5;-999;  -3.1;-999;    3;    60.1;   22.5;eor
        917;20220501;20220531;    3;  -999;  16.08;   23.66;    8.49;-999;  31.7;-999;   2.1;-999;    3;    16.2;    5.3;eor
        917;20220601;20220630;    3;  -999;  19.54;   27.48;   11.45;-999;  36.3;-999;   4.0;-999;    3;    56.3;   15.9;eor
        917;20220701;20220731;    3;  -999;  20.68;   29.24;   12.15;-999;  38.1;-999;   7.0;-999;    3;     8.8;    5.9;eor
        917;20220801;20220831;    3;  -999;  21.69;   30.21;   13.73;-999;  38.1;-999;   9.5;-999;    3;    19.3;    5.0;eor
        917;20220901;20220930;    3;  -999;  14.07;   20.49;    8.89;-999;  31.3;-999;   3.2;-999;    3;   115.5;   21.3;eor
        917;20221001;20221031;    3;  -999;  12.76;   18.35;    7.59;-999;  23.0;-999;   3.0;-999;    3;    60.6;   15.5;eor
        917;20221101;20221130;    3;  -999;   7.53;   11.11;    3.59;-999;  16.9;-999;  -1.2;-999;    3;    67.5;    9.6;eor
        917;20221201;20221231;    3;  -999;   2.77;    5.26;   -0.06;-999;  17.5;-999; -12.8;-999;    1;    51.3;   13.7;eor
